-111.68829466812123 0
-147.74201347058982 0
-156.86616304946088 0
-133.887717075901 0
-127.40823464318962 0
-43.719946666839085 0
-143.45923196099025 0
-175.36001104472578 0
-169.55769438345203 0
-150.29524832030606 0
-126.39955456147267 0
-116.37026752607026 0
-74.8815447594101 0
-151.98355432839236 0
-167.55386581294886 0
-130.22953731662653 0
-122.92365380943053 0
-99.27206130234458 0
-117.30786719478829 0
-173.65234612038932 0
-164.3610982995456 0
-155.15808603503578 0
-205.28173430818225 0
-159.4691734819015 0
-114.53280851974107 0
-147.61659198288478 0
-133.33403472074545 0
-128.35671555719864 0
-128.39947466277945 0
-149.937192421796 0
-165.4280090423428 0
-86.03926686971961 0
-152.78172969662072 0
-144.00615400351762 0
-125.61520871306466 0
-197.62259859717216 0
-171.29481189147904 0
-109.27669011798118 0
-146.3777387985797 0
-142.01843734426967 0
-114.03339950276462 0
-155.56706529087052 0
-130.21399346649974 0
-100.02450424951047 0
-132.47990334068422 0
-126.27049786965111 0
-135.3240939689604 0
-80.36459556454426 0
-102.38436118788327 0
-141.24962024725792 0
-178.83160216847924 0
-130.9540777833624 0
-134.28890501061164 0
-149.34796940934947 0
-148.57487635114416 0
-159.7566173141686 0
-138.38852152374855 0
-127.67101200884716 0
-81.78993448604419 0
-124.190983216571 0
-136.41580211526588 0
-149.5998028926229 0
-114.35253505085184 0
-134.43020345429375 0
-153.0639356367248 0
-144.17720804297187 0
-204.51222952158088 0
-138.17545186916936 0
-128.7274682266997 0
-100.91970683295477 0
-59.868257084542385 0
-102.81780766465006 0
-125.19602683137444 0
-122.07329960029136 0
-207.2949614778032 0
-130.5659170679616 0
-108.52032332802351 0
-150.6760622180297 0
-145.46406033693106 0
-133.0233699978707 0
-128.81711920824728 0
-162.00298740818585 0
-143.38564163460228 0
-146.20015511695914 0
-155.68079148814718 0
-154.62248895988284 0
-182.51583951612614 0
-128.72014829196712 0
-160.859930686418 0
-124.05979087701814 0
-142.9949277631616 0
-143.5952236371465 0
-125.53657417792522 0
-91.86047007420476 0
-117.58146412597074 0
-204.51428107549904 0
-117.97689588111847 0
-78.22921401182442 0
-209.8093115749124 0
-71.31035889952233 0
-153.7756725273832 0
-124.95903778636108 0
-132.4467050761327 0
-163.10902730909496 0
-117.33125475145059 0
-100.86826851620181 0
-183.47124659571566 0
-147.5826223721108 0
-122.2214028733811 0
-126.83875880230644 0
-143.3745906487539 0
-152.67617443921083 0
-137.01259200988451 0
-156.2745710781506 0
-125.05643655186275 0
-146.08649277313955 0
-88.3693539651228 0
-168.9640211011204 0
-159.61704330023733 0
-147.20339248466362 0
-143.39438280346388 0
-149.49505476622622 0
-162.07104801617822 0
-119.30784045783507 0
-126.30827736416798 0
-117.91648704945811 0
-116.62009126572826 0
-111.15678321218064 0
-259.5950170817715 0
-149.77419797170066 0
-170.4163439591699 0
-191.83152301418167 0
-125.9113935841065 0
-209.37478410013378 0
-133.9219508017754 0
-141.46449066969825 0
-156.69620340597174 0
-118.98064834503501 0
-146.75458019786146 0
-127.16978181594358 0
-125.42889495258835 0
-203.33479315804453 0
-114.19914044765339 0
-141.66385963472655 0
-162.9270417787823 0
-138.41657010881275 0
-160.27747292559565 0
-135.8833487471758 0
-131.69398782407532 0
-64.17034392156482 0
-164.77581210114633 0
-144.45114640201106 0
-163.53005088400587 0
-105.22805244308665 0
-142.79392948788947 0
-171.28888204172856 0
-101.28524144728249 0
-146.11381329843763 0
-134.46239436145652 0
-171.4724222899608 0
-141.2122762807702 0
-108.07771920927635 0
-129.1363457071273 0
-31.398723683913946 0
-147.34152355910197 0
-154.88721672335646 0
-107.67312369247533 0
-107.2712276442504 0
-154.29943898138333 0
-150.08794954094355 0
-169.60630798796166 0
-111.05335101209684 0
-164.17310726466368 0
-133.5978180455142 0
-114.86202761510137 0
-143.73901324846273 0
-172.54050639639524 0
-136.3637961568032 0
-119.09537394070327 0
-157.50162762181927 0
-142.14926322962484 0
-140.9408934644501 0
-186.29271666562423 0
-160.8082952374975 0
-149.83996078627106 0
-124.22681244832752 0
-125.80580287275912 0
-143.6553652353566 0
-209.13965091203752 0
-131.11256665268948 0
-120.1377826124304 0
-152.03051939642808 0
-127.14087518528494 0
-139.4718225347445 0
-133.5129739005095 0
-138.74738545796905 0
-126.66048110909 0
-131.0543869744939 0
-162.94526737202833 0
-204.93423567975884 0
-146.30537203200515 0
-142.977681150689 0
-138.46571878610445 0
-127.82940694749071 0
-144.79206198094457 0
-131.54798386974878 0
-169.70498189684668 0
-76.88809192184722 0
-130.39559465594473 0
-166.96307654080687 0
-139.40429271337683 0
-112.25271888844084 0
-131.40119014566002 0
-142.54899485512027 0
-162.4311152961083 0
-113.5015856991779 0
-173.0014314318981 0
-154.02969620123838 0
-143.00951370586156 0
-141.35313215230633 0
-197.51222772232308 0
-145.97160773762164 0
-120.09837285030271 0
-181.88168142130837 0
-58.16136405710586 0
-116.06554219942306 0
-119.95261043557 0
-143.5344263329764 0
-170.0756236686053 0
-133.294946679941 0
-141.71593857463927 0
-122.92006542135715 0
-156.28372482871922 0
-133.27037681019922 0
-176.87996288239444 0
-135.06587293925182 0
-127.10438877106134 0
-121.91914664137146 0
-159.0257016725665 0
-145.95310178576895 0
-153.6023456081276 0
-139.89260029936435 0
-137.50407837950073 0
-115.75479516031419 0
-128.70219258969206 0
-125.6942755674691 0
-61.52127971146568 0
-155.23085722168778 0
-154.39315477478215 0
-80.54370292299348 0
-122.32911759388102 0
-169.58745815375218 0
-130.46089138375172 0
-164.64123324416764 0
-150.30003759888038 0
-150.2461964856809 0
-132.07168222998007 0
-174.90513033011493 0
-36.24402585486446 0
-121.97487983748285 0
-141.7978851358309 0
-139.94398917530472 0
-178.69991383586898 0
-129.5207909223474 0
-149.79459096102244 0
-142.75824926645006 0
-142.71578826263672 0
-68.01023456325109 0
-141.14724091848566 0
-72.98554790586246 0
-143.0177732374103 0
-141.1967539428299 0
-131.61518031051645 0
-107.71043253253458 0
-125.47281375675283 0
-112.3363714533195 0
-26.65091620319218 0
-141.88056354415804 0
-119.74908365335975 0
-150.93489235848028 0
-141.28882984689568 0
-110.40814307616431 0
-142.70567571626114 0
-124.17819217128101 0
-162.701384701076 0
-144.30288766884797 0
-168.46914572329933 0
-133.48109523967855 0
-205.10508684290807 0
-213.41100475290753 0
-185.18523132627143 0
-153.14618359016637 0
-151.52130554313013 0
-133.34704948891266 0
-121.09776872798707 0
-118.6101164686186 0
-119.37104267071571 0
-120.78442953317725 0
-166.8166973596384 0
-135.38933858158643 0
-154.84985741573743 0
-79.63752504433668 0
-163.1251707021151 0
-173.33159633261297 0
-105.39702057948013 0
-109.98739550777493 0
-147.54267889875987 0
-130.25418661947327 0
-174.6499901947839 0
-107.07066831031887 0
-123.59043841400499 0
-144.4695753153618 0
-87.47046486799483 0
-119.46012973308473 0
-119.06493142600453 0
-176.1810292638495 0
-150.3561764200836 0
-84.57028607870839 0
-148.26158930402104 0
-127.91926879221788 0
-104.30990167916995 0
-130.75418981277443 0
-145.7635807672104 0
-184.16728894787823 0
-146.1555103205629 0
-130.1576745354649 0
-173.47002877410253 0
-123.75724878448015 0
-129.18342848920128 0
-171.25221034897058 0
-144.44053806695533 0
-66.97816085607532 0
-140.78951178544042 0
-158.7057654880047 0
-142.2473862590521 0
-156.29914024786183 0
-150.992238287186 0
-132.80749748533705 0
-176.31838587115251 0
-175.73800622431986 0
-127.20946664732047 0
-147.1844055543737 0
-141.8177171134318 0
-181.63602338687537 0
-88.57442129934843 0
-122.10988681199122 0
-105.78175893447776 0
-111.59948334032016 0
-137.7541734827442 0
-65.93856102185568 0
-154.02082614430594 0
-171.37530046900494 0
-196.52624238547492 0
-116.6089883291612 0
-198.41849137257236 0
-127.55738385425148 0
-137.98467529853738 0
-104.53701412376675 0
-161.43562395653953 0
-148.18435311854893 0
-136.66010524912892 0
-164.3803015365214 0
-156.15217851054956 0
-165.89575204043987 0
-146.68554993976923 0
-84.10936767777514 0
-138.94537366800955 0
-142.79449627593038 0
-182.9280223817567 0
-137.378388976959 0
-177.94275749603966 0
-182.22575541307165 0
-163.9655967033225 0
-184.4720138774509 0
-129.63539818876464 0
-114.59374249938323 0
-147.48530904382795 0
-147.2017493467794 0
-125.74193553216243 0
-179.87110722881 0
-158.27461344292652 0
-114.83929305834431 0
-108.78857715705523 0
-152.83213711875592 0
-188.53845551400448 0
-146.02949696605543 0
-152.66018490172752 0
-141.55739275293007 0
-154.2073776370977 0
-144.000389958067 0
-188.04314151216707 0
-140.0136227657339 0
-161.84643629959658 0
-150.27729685540965 0
-126.4738192860618 0
-127.61067782206743 0
-176.8617195913008 0
-136.43882376491905 0
-202.1706798989616 0
-202.84511062650037 0
-149.20902007961269 0
-84.12138819236799 0
-29.145503670745608 0
-157.98830399339977 0
-153.98273491296155 0
-159.90987433219038 0
-131.60781203962895 0
-147.1815363508985 0
-124.71006832471004 0
-124.90313811259657 0
-159.4551287819912 0
-145.96743427229953 0
-104.32741629181174 0
-156.57921957652562 0
-103.59383441597231 0
-73.22473122136802 0
-137.07322791379863 0
-164.64213332601153 0
-135.86149303680907 0
-178.53008115866385 0
-117.34830322555688 0
-142.0174368265535 0
-132.58854025066574 0
-153.74455837817152 0
-144.96413106027435 0
-135.50613351499544 0
-121.41697180848476 0
-109.28352959584365 0
-167.38191817783832 0
-136.11305426290517 0
-150.01882112774035 0
-150.25638037634172 0
-136.28941548969212 0
-138.7726247999213 0
-119.06581738515506 0
-137.54785860627686 0
-149.0160105548348 0
-158.5425735144808 0
-148.33638834442058 0
-143.35321006368918 0
-140.6899145631905 0
-140.2964331434882 0
-62.77970144649289 0
-136.177457966264 0
-101.07509109667991 0
-91.55436132830742 0
-118.64966467009577 0
-141.51169604625224 0
-147.94121315009352 0
-82.46654983827672 0
-92.15838583900465 0
-156.07554289798927 0
-125.64867776421288 0
-155.43769039391185 0
-93.07125694704408 0
-145.77159457840884 0
-126.88680740640852 0
-165.83384437425656 0
-156.51621609524506 0
-159.76917932345015 0
-176.32920842100285 0
-129.74602990169413 0
-194.197675116489 0
-138.62095286296093 0
-143.5375249084296 0
-189.06833412740355 0
-151.3908816907388 0
-162.60217669355796 0
-141.3007238483417 0
-148.2410265582479 0
-142.90832946624295 0
-149.2325026693004 0
-137.80730189084278 0
-140.0077477569693 0
-186.69206676916033 0
-220.58108494202753 0
-146.90116685217532 0
-143.75914822878292 0
-123.57358930718269 0
-138.28864193983733 0
-146.8644402216586 0
-160.48749615125743 0
-97.60749629737741 0
-134.62536387087053 0
-127.38874410699913 0
-188.5893758276612 0
-142.92643333943064 0
-140.6693891526377 0
-105.93748078976913 0
-119.94596847107545 0
-144.122449709247 0
-150.4959456387244 0
-91.83632045960695 0
-140.2824462541129 0
-47.96185394289711 0
-125.19873363642604 0
-120.70194860540936 0
-184.40102347160823 0
-167.3850794501086 0
-131.03400478219663 0
-165.79803413004197 0
-131.713270984401 0
-149.65193074433415 0
-154.60615641843225 0
-148.53260703841394 0
-175.7291523893503 0
-148.4226507443035 0
-119.44712582564756 0
-112.48671314691575 0
-116.43080750747157 0
-114.65681685281203 0
-120.63197877009777 0
-152.26896961810954 0
-125.86756088553169 0
-163.74848722571593 0
-106.31664388330607 0
-130.14396303299026 0
-158.49261529751286 0
-173.3985153265675 0
-136.2362691164313 0
-107.05926675366354 0
-132.5210421968502 0
-107.28365628972153 0
-135.44465486140237 0
-152.96912136965545 0
-153.75387476661322 0
-128.69977082494552 0
-122.16815124095271 0
-168.267638302246 0
-168.26560914869177 0
-145.1635590135544 0
-167.76638591789353 0
-182.35285429150935 0
-145.6110046480035 0
-138.44816468106086 0
-155.49040890706675 0
-92.51866159272882 0
-159.89664616396834 0
-168.44495420099545 0
-106.31622054627981 0
-125.43679734090152 0
-127.0517782292215 0
-136.70438885065298 0
-204.42018945896857 0
-127.09728439722771 0
-136.95070762980652 0
-138.00476632610065 0
-132.7255111193375 0
-157.04494656165642 0
-149.0913015892372 0
-145.01904480872648 0
-147.71118044567058 0
-130.30299878818641 0
-108.77325595083751 0
-146.7933032994769 0
-165.08442412040392 0
-156.30120628190073 0
-91.24852844897741 0
-125.95009227480507 0
-135.73044582018255 0
-133.66071617200242 0
-129.60323524659552 0
-136.59444495447426 0
-119.90783834051993 0
-149.52174684261317 0
-88.38041965603351 0
-112.35185052768504 0
-145.56898184179624 0
-144.51864253288335 0
-135.02684751040812 0
-23.74783743008358 0
-177.93227806906302 0
-139.67655690139793 0
-131.31245158769553 0
-137.71311128682814 0
-132.6947307113372 0
-145.2569267246712 0
-148.94383180071202 0
-141.85748427270406 0
-131.75391525062224 0
-162.2370596145404 0
-138.0533462015242 0
-126.33579330183235 0
-122.53153068200238 0
-163.76572306364105 0
-168.31493270698053 0
-122.18137778758044 0
-145.5015224679656 0
-136.44796367842358 0
-128.8103269313106 0
-102.63529094095973 0
-129.69261129304846 0
-92.67248303239371 0
-127.05756767553581 0
-46.571345783430154 0
-100.7838154840963 0
-115.6032065282364 0
-130.34782154428217 0
-119.02117817298294 0
-132.13108770968535 0
-163.12841788018395 0
-107.142301577075 0
-88.89551562169444 0
-108.8484016633521 0
-139.05500369019117 0
-170.61408460002022 0
-172.04619700158523 0
-121.5844395220719 0
-139.1790318003203 0
-135.52926813652488 0
-113.40215764860166 0
-60.04701854470861 0
-125.62993575707252 0
-114.27483574576237 0
-183.45482826867052 0
-119.68579821075092 0
-209.90908812597186 0
-148.11342417043133 0
-86.68280716374701 0
-118.64416906861456 0
-133.480220846346 0
-139.72753554256758 0
-155.522549312612 0
-111.58957065421569 0
-129.3807375304557 0
-134.18762024513512 0
-126.88275086134671 0
-135.5518874889928 0
-146.48836184420975 0
-157.64864262073147 0
-146.23038149700477 0
-103.39116022254663 0
-148.58363110140832 0
-165.3415361016099 0
-111.56782173060644 0
-158.48898477416154 0
-127.59581938139394 0
-132.30384727996818 0
-176.09750627315128 0
-136.60600883702253 0
-195.9521199431419 0
-159.96295381911492 0
-99.06769131333367 0
-164.236803658972 0
-158.8262727349506 0
-125.36673729291033 0
-92.25659616698084 0
-105.0025131935684 0
-118.96647145824606 0
-126.30794376485451 0
-123.25646982552031 0
-120.56716327089642 0
-129.52393837811326 0
-142.6635150071783 0
-114.72474365907281 0
-163.65598376194453 0
-119.65527308177057 0
-124.64753387748753 0
-156.18117187422894 0
-210.79315854164125 0
-116.9730168820357 0
-133.25676903785762 0
-128.29935102346482 0
-118.83313749226879 0
-26.646233778439164 0
-138.21623779122217 0
-110.98881500611208 0
-198.66665073578972 0
-148.5978030281649 0
-177.6524291048391 0
-145.25510409376042 0
-155.10288030945227 0
-113.21534010389824 0
-121.89860811309462 0
-189.04308866270242 0
-143.33684756003115 0
-142.1128689238485 0
-126.8441424445761 0
-150.90393201630675 0
-144.22601213654184 0
-176.36011506503502 0
-134.27475199089574 0
-130.6474953051008 0
-48.35285221082627 0
-177.57536241960733 0
-125.00520331444915 0
-133.8105170237657 0
-146.7609347896176 0
-164.10559716249975 0
-229.8981064662279 0
-136.76136122377784 0
-202.80254857306363 0
-143.51656934272313 0
-125.7053593143496 0
-111.74101485379697 0
-146.73459219558066 0
-170.2020830945528 0
-153.3211432204806 0
-59.58759262193709 0
-107.12530486073769 0
-148.4061733709381 0
-155.49146570965175 0
-140.6444499219789 0
-151.019157257216 0
-178.38510219795597 0
-125.31365347745768 0
-107.39024402490355 0
-134.12536061443745 0
-134.70158694980805 0
-126.41792683772535 0
-82.98329948389178 0
-146.1184311710429 0
-152.59524873076205 0
-104.09318286519961 0
-134.16925178526364 0
-95.8151774687077 0
-142.73101868578652 0
-137.40476012682464 0
-87.4663670916427 0
-145.7490230820492 0
-153.8895408299386 0
-121.25760805162712 0
-154.6170385533025 0
-129.99271588845085 0
-168.70040113912228 0
-129.03622904513392 0
-140.5940135763554 0
-167.11186418273823 0
-207.16765035248105 0
-164.79922550571087 0
-108.0665838202035 0
-77.10274649864698 0
-177.9764970939321 0
-112.6392557046843 0
-136.67936223744198 0
-164.65297909722338 0
-127.47138260592183 0
-130.81579326368885 0
-151.78257693373416 0
-59.37454900510986 0
-210.90612709351703 0
-138.3625861169099 0
-120.42852466417308 0
-178.99619362928698 0
-197.29784293121514 0
-142.67034403123662 0
-144.36138628795365 0
-134.75497308492717 0
-130.58413711395082 0
-109.96949678106449 0
-142.99294782836114 0
-226.00944565785846 0
-67.92076329900478 0
-114.31553417047036 0
-159.51464742206434 0
-182.57638594705668 0
-95.59978363799455 0
-97.88582508402085 0
-116.75646310608184 0
-116.56866346463163 0
-133.76505661432373 0
-89.31538507628983 0
-163.051196903437 0
-92.52303368522212 0
-140.16000172494614 0
-63.167870658898394 0
-146.63732090149182 0
-125.79956714084798 0
-136.33880750608128 0
-43.98892830060564 0
-143.29624460377326 0
-147.44627500257192 0
-70.28128821693794 0
-138.08665737615038 0
-61.43924056307757 0
-116.50370564670196 0
-138.0055968025007 0
-175.36886746987125 0
-137.14776249160028 0
-119.31334008774752 0
-205.09128616040684 0
-140.28610478360605 0
-142.32931078489233 0
-130.18677573238168 0
-156.89804957147794 0
-204.25738483378737 0
-130.3244676245385 0
-174.62497065510917 0
-120.80550453699048 0
-126.23970706268017 0
-112.43466732142544 0
-102.65740164877951 0
-139.63353108621115 0
-144.29334045046215 0
-145.93626357669882 0
-127.86775466140674 0
-90.38404261983952 0
-129.98318396903005 0
-125.21260841891879 0
-107.22048757868775 0
-137.4873713039475 0
-142.26494935717628 0
-126.21079718414933 0
-106.63474805602795 0
-158.09648634614564 0
-169.62473061441165 0
-34.97770074444775 0
-152.3786106146862 0
-132.06588029845696 0
-206.8270067788923 0
-141.239855536134 0
-134.29250181089378 0
-130.20802036228147 0
-135.4039107456008 0
-149.9263505493191 0
-185.7428108786338 0
-150.77438846108953 0
-137.34376919468787 0
-148.23485384677664 0
-157.8247269868134 0
-198.92475006260943 0
-119.80359112331159 0
-145.08171338732163 0
-171.80831649087534 0
-129.06426489562932 0
-86.90378616293314 0
-122.88829643988122 0
-132.15213336904577 0
-145.0337497349502 0
-133.57569435106853 0
-143.91064000974868 0
-199.75638764128692 0
-142.5102465518885 0
-127.78463733245297 0
-128.65013043327556 0
-129.13228387905755 0
-119.82700600000256 0
-138.35155406600165 0
-140.5258668717472 0
-136.8682748884798 0
-87.40219153175511 0
-198.97542687783897 0
-165.53234035511358 0
-164.4989173945517 0
-127.9468402318415 0
-158.2451434569475 0
-121.65292575046578 0
-199.70919574049717 0
-150.41819508044247 0
-175.901811591095 0
-135.89130274872022 0
-213.05695219221985 0
-136.47709667290403 0
-228.194785305721 0
-139.2604267356306 0
-136.67949181554397 0
-134.53454391715582 0
-170.31935425468774 0
-154.26554201030362 0
-148.96946279076576 0
-129.8329874915157 0
-188.0879358751556 0
-167.4643018558842 0
-155.41100377966737 0
-100.87241348412375 0
-140.97180484388184 0
-246.32234680136574 0
-156.8326206780578 0
-123.21367331410536 0
-112.22528898447469 0
-160.40995831537361 0
-120.35389981541297 0
-132.24275992529442 0
-109.0906262498693 0
-153.42391046283794 0
-182.75325484152344 0
-148.37067286174664 0
-151.4955867772242 0
-153.95785406232943 0
-162.81918084865757 0
-164.48769109659415 0
-136.00521651989683 0
-116.10521377016205 0
-121.785567513487 0
-115.63421500177142 0
-125.99498875696185 0
-121.25125202545475 0
-114.4497312278007 0
-134.27979569301078 0
-80.88887033570857 0
-134.13722279297872 0
-157.6976025886186 0
-152.16493668957906 0
-139.24407937928524 0
-141.93002899196438 0
-133.55834029392742 0
-135.23764761871465 0
-92.32866685676257 0
-151.36468541527773 0
-165.63236708894053 0
-153.56578263552535 0
-146.55038868778064 0
-117.39873449668056 0
-109.61301604032322 0
-172.99331359787675 0
-135.1709114697006 0
-122.5561467553971 0
-126.09590854158002 0
-147.36216466060674 0
-133.71929877535436 0
-169.82053510150607 0
-91.6329159141909 0
-115.89906199782432 0
-150.2880408165949 0
-155.42699248367404 0
-121.09666959798922 0
-156.9576875483452 0
-136.5073206277617 0
-199.3466523048443 0
-151.53743013157026 0
-135.29939963696438 0
-145.51983822525355 0
-194.5173709010799 0
-84.8000513563233 0
-153.44851980498186 0
-140.74591755844276 0
-123.62253954958838 0
-171.12763342513912 0
-84.33648812785493 0
-30.36206827459151 0
-169.85457169976732 0
-155.34841164012235 0
-64.88745464618925 0
-125.12411987714623 0
-66.71091331656517 0
-116.35429439381495 0
-183.12532084929506 0
-83.91052427617252 0
-128.8053186321461 0
-97.48793551637858 0
-142.37531362462 0
-130.10167343877217 0
-170.22515673421458 0
-148.62741480832446 0
-165.8853906316132 0
-125.67014643705481 0
-199.0322627864054 0
-154.68195632507715 0
-86.91624491484873 0
-132.14735687358703 0
-140.80785485742504 0
-111.64231392654293 0
-146.9989621005068 0
-252.39880497473794 0
-141.91957989755625 0
-152.03413575350376 0
-155.48295593862218 0
-112.70107244979545 0
-149.59300546434045 0
-44.984073428236314 0
-174.31005946606277 0
-151.43890323943646 0
-168.5119713125306 0
-100.15124632616097 0
-182.8245269179209 0
-159.47228658654205 0
-32.5589943371539 0
-154.612402300242 0
-147.81569114677248 0
-123.0454153731521 0
-82.05326825328154 0
-118.58585951257088 0
-166.93501189872214 0
-127.13327973276905 0
-181.8447006177644 0
-59.12773866732454 0
-132.8522292473962 0
-35.353165171361205 0
-135.25480530997737 0
-145.84908391142034 0
-186.24906796477677 0
-142.17462799882847 0
-129.69575044411908 0
-170.45777829472962 0
-237.54842310741893 0
-173.18205065358677 0
-130.43333334666468 0
-143.7738187468196 0
-172.9879574336672 0
-122.68457103063953 0
-170.4664364786985 0
-118.60726238195122 0
-140.06661822429447 0
-146.67687723626045 0
-143.3536000166766 0
-101.40461147600377 0
-127.53296732830607 0
-23.827799061178187 0
-98.18791019280258 0
-151.21155915855815 0
-149.94152791299055 0
-109.25238774740151 0
-190.5529194607858 0
-127.70919130139023 0
-109.50732023493663 0
-176.59907833048197 0
-33.49481512812353 0
-105.4392759336123 0
-159.65942892285494 0
-193.7394669761419 0
-143.5157713676732 0
-116.25501728697768 0
-142.09878381039425 0
-143.1934031450505 0
-32.46248183667123 0
-152.96575438381052 0
-126.49517897228071 0
-126.98767256467394 0
-168.81821532394946 0
-125.74731906209983 0
-108.94563690794342 0
-136.6755388369815 0
-212.179218471018 0
-124.89832828020779 0
-133.2888518069263 0
-147.11868866604794 0
-121.34461337057408 0
-119.77857136574197 0
-142.62377241322747 0
-184.0041277466969 0
-136.56500186734576 0
-152.0667933023591 0
-66.36362848188615 0
-153.63953452159151 0
-145.14894570306723 0
-72.95091543006097 0
-136.11955023553443 0
-120.73017442844558 0
-159.3957573167072 0
-140.02599961560207 0
-157.6769443808716 0
-116.42197489108716 0
-142.7767860717978 0
-142.33845592561795 0
-132.94417896467547 0
-116.81209899707746 0
-151.5512732180897 0
-132.68061678862108 0
-161.79032748722753 0
-93.53707640012931 0
-134.4985079431663 0
-75.28836519291848 0
-139.6601445565569 0
-134.1317851407802 0
-152.33579049399037 0
-136.08534264060384 0
-181.10482693396318 0
-67.02980795920972 0
-140.2698742460797 0
-146.44907144815292 0
-80.94597740234448 0
-112.51790657530256 0
-101.93373168234683 0
-173.59744381173087 0
-142.25412657692132 0
-122.94120049612609 0
-82.22955170702193 0
-142.78701390716927 0
-106.11889925086065 0
-162.66242715717655 0
-193.94910779204375 0
-128.93930140152415 0
-41.18980335697161 0
-202.80367550204863 0
-169.0584777432974 0
-176.1113111181886 0
-125.6574766266655 0
-122.45765123036155 0
-116.05180427017599 0
-135.5700984490223 0
-135.86843690682306 0
-135.04111847523095 0
-159.87363719725025 0
-141.297277268477 0
-180.54511861601478 0
-129.4633473546522 0
-110.06352936983828 0
-147.69567136547542 0
-166.20991010886553 0
-155.51547754690947 0
-151.71472131386045 0
-154.64500563800712 0
-126.46978545975087 0
-136.00544808011156 0
-146.51426516067332 0
-161.4847405189052 0
-140.04313468841426 0
-186.5543847210117 0
-198.9239651793893 0
-107.37459355300754 0
-182.1665297594159 0
-126.750786266091 0
-166.44475836718624 0
-130.00865727986186 0
-137.91067881425215 0
-156.86528997660844 0
-124.08005085864 0
-139.26251749883812 0
-127.18709879557451 0
-199.5704655551652 0
-175.23032487881235 0
-130.0777427399845 0
-183.7513904749879 0
-119.3578105284774 0
-174.63432438290533 0
-150.09500895354253 0
-154.97274197370155 0
-158.0455104245244 0
-118.94074398375675 0
-142.28908938487035 0
-125.75127489452915 0
-217.30487706919862 0
-139.95205180775562 0
-129.41624836014407 0
-116.942480264225 0
-121.87753106801128 0
-184.408103496008 0
-122.96268772074576 0
-144.64197714622532 0
-152.7247502694006 0
-178.7237506622836 0
-46.1764131582773 0
-123.38535239248371 0
-167.19874335492437 0
-143.27623052458318 0
-135.72653468190194 0
-121.0618709065111 0
-135.84117168359703 0
-134.39792906940002 0
-166.7722006634535 0
-132.8170318985813 0
-140.30443260064223 0
-71.62913564087994 0
-147.65157632864594 0
-138.8146425608331 0
-129.44477024279743 0
-154.6498931229978 0
-208.9717944316362 0
-207.00793572358478 0
-156.6496559273682 0
-48.76921014758962 0
-106.64916817157338 0
-120.26215730877794 0
-142.5855050913914 0
-142.16084579155552 0
-137.60202197833226 0
-169.20539288118047 0
-140.47103593488006 0
-121.75714083361785 0
-138.6812875913693 0
-144.5813952690021 0
-178.99589040863984 0
-117.06772067579274 0
-184.6122238613669 0
-150.42689776042806 0
-129.93722349234346 0
-135.97574676676942 0
-142.28685142051197 0
-179.1939190834783 0
-143.07388329132178 0
-126.15307313443331 0
-142.71581632087117 0
-143.83586074098199 0
-145.06738378215118 0
-116.20291031762656 0
-118.4798256326639 0
-114.84393854901688 0
-144.69991605111377 0
-108.34814472022339 0
-121.54253632634108 0
-152.6292101773047 0
-133.35908289039992 0
-197.5881369165066 0
-191.12800888275424 0
-123.6760943651658 0
-181.41423870263696 0
-116.89257919537226 0
-122.53703387827294 0
-67.6444329116705 0
-125.24357353368748 0
-170.10589584402632 0
-176.26445621339994 0
-102.68173143635524 0
-139.76702866523448 0
-169.66489560014514 0
-136.85884633619924 0
-134.7670161407897 0
-145.31237872960992 0
-141.45978464993044 0
-125.96476447765048 0
-173.38160165868896 0
-102.53862592347484 0
-149.82515237894222 0
-164.45262163351873 0
-123.27914102110027 0
-178.93353513591342 0
-144.64194059153323 0
-138.92300429162776 0
-141.7201118669816 0
-110.66807877593988 0
-111.04826988930124 0
-178.35281075820424 0
-78.45826262982969 0
-121.44463020623579 0
-137.9235141760888 0
-193.4752428564761 0
-169.91002859463774 0
-158.34028424854503 0
-163.72664696179982 0
-135.1282477241987 0
-117.94994366028644 0
-126.29272263603656 0
-141.8874414209073 0
-28.313965566941324 0
-148.71156876674868 0
-154.13724514318324 0
-149.4305239342113 0
-82.76433039593219 0
-253.93548815971084 0
-120.41721573016754 0
-129.1018045647468 0
-175.16181848343945 0
-141.02504076158482 0
-139.25661659789333 0
-141.30300681291325 0
-142.27577805212536 0
-165.58453830046756 0
-145.1027420839097 0
-160.278556076759 0
-48.76836534096019 0
-161.19891354457636 0
-132.33301800895708 0
-132.18840119906145 0
-151.18716117515376 0
-121.85652064421144 0
-128.7143263341549 0
-149.23705468161936 0
-126.82799125611332 0
-127.81355064865213 0
-149.48535087711414 0
-140.04865041299095 0
-153.0222076470753 0
-123.50786418693548 0
-127.62582831078335 0
-144.66793903527318 0
-145.08359808299028 0
-145.77350507205924 0
-185.44652274076816 0
-142.60675396164186 0
-206.75243516077197 0
-124.55685889529849 0
-146.75088611459137 0
-126.49689188711882 0
-153.12437619400916 0
-73.95485867149463 0
-56.28637913157841 0
-116.7675863042184 0
-172.19881014474007 0
-185.86889361280436 0
-137.96997613747263 0
-139.7171745280665 0
-149.44179646746272 0
-163.86354211007003 0
-138.93073383906247 0
-112.55868093798277 0
-163.87223220600293 0
-183.26237965261402 0
-75.2767132815173 0
-142.47537396175727 0
-111.47282822519874 0
-155.5500396031429 0
-129.55634537460986 0
-165.03111847206554 0
-108.89364144807884 0
-159.82282689085017 0
-134.28232492575248 0
-167.43673305493365 0
-148.15685951569017 0
-155.7186771919615 0
-106.17191174409221 0
-49.162488157981485 0
-249.04666534822528 0
-145.2003121189847 0
-151.79909378872318 0
-138.4566186157764 0
-148.29206225535972 0
-145.14115705430433 0
-130.0138021371357 0
-155.0889882094955 0
-142.65921757384257 0
-110.10897827063201 0
-133.72577306375368 0
-127.45565270380554 0
-169.74511832824902 0
-127.80155682805142 0
-143.17822738307248 0
-97.81248823708017 0
-160.35046504137608 0
-154.49747785917228 0
-126.83361569651231 0
-157.1210695220675 0
-135.88274590498264 0
-138.69958900827922 0
-145.6995364079644 0
-151.4055704348717 0
-142.72737715360927 0
-133.94444343018972 0
-90.71560010065508 0
-182.90765255922702 0
-146.50980984950402 0
-143.8409144296589 0
-130.88419601813933 0
-140.28860695642993 0
-69.0323976618888 0
-139.39889115653705 0
-102.08899972719615 0
-129.75772885826885 0
-154.43990825867968 0
-120.43418769524125 0
-143.14698202803712 0
-138.6232180597811 0
-146.8728295939878 0
-89.78306728276766 0
-135.6355733349639 0
-182.49270306709144 0
-134.37764944721476 0
-123.73067287764711 0
-147.97304126802766 0
-125.06564774173879 0
-125.85001257860348 0
-123.95857836714251 0
-136.21970043171726 0
-62.68492422290032 0
-156.6032273908183 0
-128.3143556231007 0
-145.344640366413 0
-156.3027350905121 0
-155.03762784069315 0
-153.71329432593066 0
-123.1910821467876 0
-121.56217983818975 0
-121.57948361484738 0
-154.48611085538482 0
-145.3744199827807 0
-119.67065770161652 0
-82.73177448253011 0
-115.76655654982318 0
-140.15132458980554 0
-215.64111765563007 0
-91.80462457535123 0
-129.73822192187782 0
-100.6136086497704 0
-147.5941139778034 0
-139.5549553461516 0
-95.49858202926053 0
-162.2974928832894 0
-115.3494569566823 0
-159.0911761689795 0
-89.1315225979835 0
-134.35799171700583 0
-58.58319693453564 0
-121.4502733136985 0
-102.02240645541313 0
-160.56721417955433 0
-136.40860813787953 0
-121.28823222114494 0
-148.75395745401806 0
-40.19640130477441 0
-142.9476864669683 0
-143.25587737522088 0
-178.07927060562872 0
-149.09184944923888 0
-139.89154269404628 0
-207.23225783141547 0
-112.12141856793392 0
-172.75470602490535 0
-101.02962855132043 0
-125.60361877012025 0
-149.20062498891542 0
-106.56235876231871 0
-108.38333657775388 0
-119.09941690393782 0
-105.08804024970343 0
-126.62697211765325 0
-140.83166530487424 0
-144.62646196920247 0
-145.22861138923187 0
-126.33684789149983 0
-131.20161970353527 0
-143.22860467140453 0
-42.2197594073964 0
-139.26248254214437 0
-121.86101168144177 0
-27.087660232211267 0
-116.16967172319974 0
-139.6640003023069 0
-129.3245749948258 0
-152.58140987742274 0
-142.8801056898095 0
-117.64302547656455 0
-144.53372109583412 0
-131.51049682571553 0
-141.26337184995 0
-152.67835772601558 0
-146.57103202398372 0
-143.61753549290643 0
-192.32525788370708 0
-105.46131417577817 0
-143.02927194140005 0
-126.54171869036443 0
-150.896913663848 0
-175.0513922928194 0
-118.17056190636524 0
-145.10631769153855 0
-206.70343472275013 0
-133.76953832806757 0
-168.51519417661171 0
-132.10201252080546 0
-127.6918557665853 0
-132.49282820858684 0
-170.73642515792832 0
-133.99117634076512 0
-112.86864394457108 0
-136.31157614452968 0
-156.52411369513524 0
-137.9129298745833 0
-114.05035847937036 0
-132.02801510758607 0
-144.50524349561513 0
-133.42945370788925 0
-129.09518859659136 0
-101.45304229689486 0
-155.9609940369766 0
-135.12892699629316 0
-124.09461201189386 0
-162.60391090134434 0
-163.73812985165944 0
-151.99630777430374 0
-57.27431193143639 0
-72.62285102067717 0
-102.95295350169302 0
-192.21339267193005 0
-140.39327919157617 0
-131.95446625146224 0
-149.54805900389837 0
-131.52352968108536 0
-123.09862802760775 0
-123.1235366850107 0
-114.12040748436628 0
-88.70782362049442 0
-149.6661519708922 0
-113.67698263515776 0
-143.48998145709947 0
-141.2741485499319 0
-137.09801621646244 0
-37.257943042934855 0
-138.71594652377365 0
-132.04269196182963 0
-111.9358032075003 0
-27.890008431297595 0
-127.77300287858442 0
-156.94698320068449 0
-173.04579519519245 0
-166.63261525788823 0
-142.91520700937596 0
-128.9528903195059 0
-143.62858140152008 0
-135.11874604732475 0
-129.82639721653308 0
-148.89156211358943 0
-150.38009201250583 0
-124.08308491926299 0
-166.7436239829576 0
-127.65204013907108 0
-145.79921859622954 0
-151.932129381214 0
-152.66062331528713 0
-149.98180495580556 0
-144.19589288408264 0
-57.03202043083826 0
-151.95309599063273 0
-233.95664493003636 0
-122.2796704509958 0
-159.3591673933898 0
-115.63192537760227 0
-136.19701651862368 0
-123.21015610376519 0
-154.64800249180075 0
-189.96939400205636 0
-174.16142806760158 0
-113.30580159239412 0
-125.8030686221083 0
-73.72972654929954 0
-170.33266566613594 0
-126.36412452641115 0
-153.40675172369075 0
-140.27063979253688 0
-150.3530204041305 0
-114.28939129243884 0
-161.85052742820747 0
-147.88970668901544 0
-143.40681475652926 0
-109.12651947680874 0
-131.20817579009673 0
-145.9983859390942 0
-101.09477099106611 0
-197.08143036412577 0
-163.68028950058022 0
-171.66524452871923 0
-116.42477800227569 0
-131.38913883303968 0
-192.02294082066032 0
-127.34212055776702 0
-82.70972341814023 0
-107.08051629666589 0
-72.26357658978665 0
-153.8675513234705 0
-107.62009491907851 0
-139.03184777139242 0
-120.95541977177882 0
-131.1808766177707 0
-128.13652997444188 0
-121.13640880411326 0
-206.05661907305566 0
-119.25534503773976 0
-139.30920366139935 0
-119.04200275981326 0
-212.40294634432215 0
-164.19511610679712 0
-53.69581715393814 0
-107.88512372206151 0
-117.9653140617545 0
-134.8074959055334 0
-111.73404617949696 0
-137.52465425831448 0
-136.02410182433505 0
-138.8308539810827 0
-142.18186294356522 0
-139.1285235685806 0
-136.30858159267484 0
-127.81543792957184 0
-79.40065535305712 0
-124.08692484597486 0
-140.06601083752705 0
-145.53974533517118 0
-175.93835331602693 0
-182.95001420503368 0
-143.89386371043707 0
-135.17380922498486 0
-89.06839367694998 0
-162.01904736672958 0
-160.70802763301594 0
-132.29774098458782 0
-43.40957439023123 0
-29.123033476694978 0
-124.5470706539122 0
-159.30983267542823 0
-119.45932157414268 0
-149.9972232768497 0
-131.98822838607546 0
-136.86432188321592 0
-125.9661028713623 0
-164.98563121344242 0
-104.31411027207997 0
-101.47900597214755 0
-158.70218095424798 0
-147.15974530883474 0
-126.84683786254595 0
-113.36676344681402 0
-112.44294857029318 0
-106.66129666979424 0
-116.33201906778902 0
-109.50702071050405 0
-116.69569226201831 0
-141.8217291735754 0
-127.93121297931309 0
-113.24292476284351 0
-145.40945829321512 0
-148.69733969886585 0
-118.00298237150403 0
-162.17867174270455 0
-154.3233395998182 0
-170.3541951613562 0
-135.69905636693989 0
-145.15836041859623 0
-141.1327675025139 0
-130.31409847897956 0
-161.88073883402961 0
-127.47297139009488 0
-184.21536356040426 0
-186.22345927996082 0
-136.58235657776603 0
-119.76285585035329 0
-144.67118913761792 0
-147.06348031091312 0
-141.68178703715637 0
-102.1110773541046 0
-146.2939577016488 0
-155.4287621121624 0
-143.93211841474232 0
-125.4062593689331 0
-98.09970960563528 0
-121.55476990504594 0
-121.35342663144738 0
-188.24254385013265 0
-140.10789752468156 0
-130.77735260001273 0
-104.96037758545445 0
-140.20700612207233 0
-164.0838747915299 0
-115.28656280801961 0
-136.45108008001915 0
-123.98040740104507 0
-141.85910955230585 0
-127.14326047778945 0
-85.73419646513386 0
-189.81166441166138 0
-44.089494357985 0
-91.51654619996805 0
-57.15592800074511 0
-154.43266447004643 0
-176.5255595474099 0
-167.1970060792834 0
-138.86167687681504 0
-135.2063942794317 0
-155.73109835927744 0
-144.18344722720974 0
-73.35892078636782 0
-126.34193292957309 0
-148.40495310517434 0
-136.4408413953663 0
-154.4970228953611 0
-130.11756038312737 0
-117.38788314809182 0
-158.65703376185462 0
-126.87995977606695 0
-211.30053785901748 0
-155.2822067686404 0
-128.9887123401719 0
-148.61572595825595 0
-136.95979389329125 0
-170.7858972219603 0
-139.1340670056661 0
-158.05343941944395 0
-132.69248624580914 0
-137.12959876577895 0
-157.73315198233004 0
-110.88153866658257 0
-155.0908504045022 0
-143.45808820160343 0
-207.0121403492407 0
-112.50404028775176 0
-120.49537346659085 0
-118.35436565402219 0
-130.58916198028032 0
-124.20722730558857 0
-147.19818248890473 0
-150.00993128840383 0
-153.34249673931478 0
-159.79980757384283 0
-145.29334023920188 0
-196.43767472273788 0
-105.22195935313125 0
-156.03958665332857 0
-129.6289705991549 0
-60.198664940041816 0
-136.535987264856 0
-121.20657952365057 0
-165.53259805644407 0
-147.39526789401742 0
-144.87198270881825 0
-24.578889094984987 0
-217.19899977339836 0
-54.993919685112644 0
-84.46668337018545 0
-108.56894250883668 0
-140.1970462740435 0
-118.69568111494358 0
-143.3945517752838 0
-204.63017162016817 0
-119.70649845931771 0
-132.94584998926106 0
-177.99440152087936 0
-130.23689666228069 0
-162.46157208806957 0
-24.90498870277595 0
-117.84893400935334 0
-129.1424324957113 0
-122.12288701362525 0
-127.91999394555269 0
-148.3766397487294 0
-53.14137833402451 0
-128.9326490911148 0
-141.32232438399507 0
-194.13560941758675 0
-118.98097389668106 0
-150.63478094186385 0
-147.6972198781126 0
-135.46488151078364 0
-188.51051096215443 0
-193.2867080971145 0
-182.89807079711886 0
-132.70116700967827 0
-151.46030399940312 0
-123.92827497289717 0
-141.97878515494313 0
-141.8644529052019 0
-151.60474695222283 0
-169.07075739469772 0
-168.33448867696018 0
-135.92996532886264 0
-140.19159970350432 0
-114.33951755389191 0
-127.41097291346797 0
-77.2289190515083 0
-100.64641867307117 0
-125.59389719493733 0
-114.53802955489199 0
-113.15004861163014 0
-208.7560140977646 0
-130.423521803514 0
-138.60954404317252 0
-172.96420315904544 0
-185.25829013737817 0
-183.11886419392806 0
-133.5347211757082 0
-131.17324795824166 0
-153.5686591432293 0
-147.08081645530837 0
-179.79875350475737 0
-148.99335089527108 0
-199.1837302689934 0
-123.53866750789481 0
-127.55571288756312 0
-116.66884287362825 0
-115.56424504211608 0
-120.7118972671079 0
-119.30112685381143 0
-141.63999915619993 0
-129.3004590402624 0
-149.14422036951726 0
-175.43865680363962 0
-139.21001485722462 0
-38.8717261595515 0
-90.89822815454383 0
-128.1553235796947 0
-128.03765358709074 0
-211.04999106095886 0
-78.07347672667782 0
-179.94620343994552 0
-85.95843649625199 0
-207.39391512286426 0
-146.43604561703387 0
-166.3544775060394 0
-126.60320241185183 0
-130.17330122338475 0
-133.33790829752505 0
-99.9866645742269 0
-134.88547704521523 0
-149.0108548098604 0
-144.10577549359388 0
-100.84552701953275 0
-132.91902662747867 0
-32.090495066636805 0
-108.51697331630504 0
-174.11193321552227 0
-113.52591754931986 0
-150.03027344881895 0
-156.34531142703193 0
-135.37562402483405 0
-153.43441896695506 0
-144.36580317985891 0
-145.13049628935377 0
-130.18522386488263 0
-102.24426341229706 0
-161.23466598403232 0
-216.34169282639607 0
-94.8359066740592 0
-180.91852892089392 0
-174.13051835544178 0
-111.13418251551028 0
-150.6532463171227 0
-147.78830530354702 0
-26.294323643021063 0
-125.45789895080411 0
-143.7250098780774 0
-142.60690893368303 0
-102.96919004848463 0
-163.76750256350857 0
-165.33396604595217 0
-145.18710209673122 0
-149.47925667245298 0
-91.65602963753132 0
-123.30855180271023 0
-120.17624832872824 0
-158.90104990573465 0
-127.46918343765627 0
-146.4902196673467 0
-131.32448163952736 0
-76.46604133822538 0
-129.187320412223 0
-124.35156138592794 0
-139.0644940314798 0
-155.5424217955536 0
-155.4249918971812 0
-134.1323405102614 0
-141.88692892573104 0
-126.38668428095006 0
-140.49640865476024 0
-118.21456560632757 0
-185.9362455000392 0
-133.80750058623744 0
-61.665141143191704 0
-146.04313137709264 0
-107.72890641497243 0
-128.55252273902408 0
-148.48304509227663 0
-163.0591722286958 0
-161.75140077824108 0
-162.76927266548878 0
-122.0540374991059 0
-118.61440955583956 0
-139.9837429696275 0
-146.49065995416538 0
-121.34046721156454 0
-154.09791526139418 0
-145.3703144699945 0
-96.68051815618173 0
-143.5673499672646 0
-164.2082254297008 0
-155.29834830999656 0
-164.5036747325117 0
-128.3603850292716 0
-153.92218742196826 0
-113.64860262342948 0
-127.06001565654188 0
-153.03610611712372 0
-123.10822837442058 0
-143.88577358853766 0
-124.03377254412202 0
-168.47270632372724 0
-138.76816629372732 0
-153.58909012570706 0
-79.9750101618239 0
-153.1832621638471 0
-151.43792092558985 0
-123.85185250496974 0
-134.955534821504 0
-148.43813641506998 0
-219.2257882543512 0
-130.4769148055767 0
-86.76529881892394 0
-146.19458226130945 0
-58.80513560050178 0
-134.01718464298642 0
-151.98905933246354 0
-114.80061773601622 0
-125.06441165436105 0
-115.20613205180504 0
-169.00293014873355 0
-125.38238045554108 0
-124.12465886177668 0
-126.49767322289308 0
-136.60035809186206 0
-169.77335832783498 0
-124.38374868098668 0
-80.16266615817584 0
-136.18137424712907 0
-136.28888408715036 0
-127.40785230071518 0
-71.54031538948773 0
-139.72981098715596 0
-114.32509372874522 0
-155.13592920185465 0
-165.31669173827308 0
-64.98712231133922 0
-131.84485962240763 0
-146.85620293228644 0
-95.01134926623082 0
-120.44282488518832 0
-130.03116290787455 0
-139.10829366895254 0
-169.2052646745937 0
-94.27871685176156 0
-122.4570450037898 0
-166.30551201739442 0
-136.69614460381467 0
-139.20158366942857 0
-175.45919759302814 0
-135.64791619007423 0
-106.57025660922383 0
-164.5494050589735 0
-129.2398071523995 0
-155.11612257033636 0
-182.01855200213816 0
-181.44110308328067 0
-162.99677636701048 0
-143.61560446880756 0
-158.977277908393 0
-136.03341393808688 0
-136.78311762337748 0
-161.51129496448172 0
-132.54072072917484 0
-148.94728445593623 0
-129.88496757637617 0
-172.5936479873914 0
-130.73348046092644 0
-155.00997758493088 0
-119.33758635792032 0
-157.23359798382293 0
-99.37177846479683 0
-152.52192581766388 0
-150.048132924221 0
-168.54367404573773 0
-124.24187169980131 0
-141.59150478211248 0
-141.37371733219786 0
-145.62719024323124 0
-118.24617011650766 0
-118.64399094549978 0
-157.79870014902735 0
-105.5217898443467 0
-145.06623693088818 0
-139.9710766221697 0
-89.09314947458745 0
-120.68868409659208 0
-124.19303904194479 0
-134.40452637528702 0
-105.73085014144247 0
-127.64654758243248 0
-88.07267415134685 0
-116.08230758043695 0
-107.83474575582449 0
-200.57790518364885 0
-150.75930328472268 0
-149.79912008093024 0
-149.6673944274861 0
-133.45017987259217 0
-100.29279573351616 0
-170.14675451634093 0
-165.75995805974077 0
-131.64507225864668 0
-48.51095137818869 0
-148.4220308744001 0
-157.5503800017107 0
-125.60560682889515 0
-161.84106567044398 0
-126.23419569256153 0
-122.22494775835246 0
-106.09737922676626 0
-125.4963954300179 0
-154.47317698749012 0
-132.54652023722167 0
-149.80702906174264 0
-132.56187053861646 0
-168.52697147834277 0
-141.10209639409658 0
-196.25539414375464 0
-116.71513358969392 0
-167.5376408725277 0
-156.36185203397534 0
-145.36750658972687 0
-151.765740996462 0
-256.4557210514139 0
-126.15612568118414 0
-135.13863598610314 0
-94.42573820914023 0
-143.6157539955828 0
-168.8547591878187 0
-119.2813348627373 0
-144.51533035816414 0
-180.24116825192624 0
-137.45869209444515 0
-133.24117251486715 0
-143.83655558520576 0
-204.77304600178465 0
-118.08698134727683 0
-129.3375804995638 0
-175.71350540135757 0
-197.44648226113614 0
-66.93748804336708 0
-138.3516237268029 0
-132.1510417610262 0
-111.10459292513023 0
-141.5447928701784 0
-101.43774773968336 0
-162.02309630526327 0
-157.09723711707898 0
-110.69540730292432 0
-135.10857203468896 0
-192.2030215197174 0
-174.05605832786262 0
-138.58822546604893 0
-62.5784331921851 0
-125.83141733889533 0
-131.07700055005824 0
-116.18078723886367 0
-116.43825893075253 0
-134.6957181463185 0
-119.96829895779696 0
-107.86571410724406 0
-133.5880118040078 0
-159.26422911621168 0
-218.4188065471481 0
-159.74797634417027 0
-119.67826470053222 0
-129.0609976241604 0
-159.99264698030612 0
-136.14468509826128 0
-163.39116268286614 0
-127.98406415013297 0
-116.66988875516107 0
-112.13210951908682 0
-169.9260528339269 0
-71.05384639424953 0
-138.35644221944307 0
-117.62624990558169 0
-139.96629938229194 0
-160.03438499777508 0
-136.07948339815366 0
-130.87902972030517 0
-146.5813033952498 0
-146.56132126395482 0
-125.50598006571407 0
-114.30552159088187 0
-189.4458359650818 0
-135.84698693377555 0
-123.04845602618472 0
-157.33628167179728 0
-130.04168214723109 0
-125.63915353135441 0
-169.22685941194578 0
-161.21162747147517 0
-144.75597160236626 0
-147.7557718841731 0
-128.92550794790492 0
-114.010372616542 0
-128.9656605365627 0
-131.392606108435 0
-119.7682742292102 0
-178.6996207251187 0
-134.85172790285 0
-146.5332638425544 0
-156.22108718000365 0
-150.19200569874133 0
-170.7089493739354 0
-122.45931201843668 0
-141.4601993363176 0
-123.86240902265659 0
-169.25959090246462 0
-146.986410636166 0
-182.80824891102927 0
-128.10546343392676 0
-175.8278821847227 0
-92.4151483769708 0
-135.48610029980188 0
-145.84344579766534 0
-203.9100138292533 0
-36.37958406680153 0
-146.7566339060425 0
-216.189479061562 0
-149.3553437386569 0
-171.62648656045923 0
-152.81062764162553 0
-188.81383179269002 0
-125.6481538329706 0
-157.26390997511535 0
-136.3446194546836 0
-153.12735981387013 0
-142.59632150510558 0
-134.85322381763294 0
-132.30004144123407 0
-131.8934832350847 0
-127.60491209952079 0
-166.58475717288744 0
-141.20570300537108 0
-153.50481061090915 0
-147.79039893017423 0
-157.726542347671 0
-120.49226759848273 0
-124.82000569869169 0
-185.20477652956538 0
-156.43257006949386 0
-137.15652883462863 0
-153.16027483283037 0
-145.94314386183848 0
-134.5925185310234 0
-118.7221512987123 0
-45.82987683384885 0
-120.13957916781526 0
-122.40405102537639 0
-74.19720716898104 0
-142.18586440663356 0
-144.35404330861815 0
-89.11780023956445 0
-152.4379188825929 0
-150.51113469617863 0
-117.66476862771175 0
-125.73669786979102 0
-125.33293340328231 0
-204.95157078136398 0
-142.94791273218584 0
-125.22460006830568 0
-157.270488331005 0
-111.53825231280422 0
-144.2939505951185 0
-138.6530742576092 0
-191.8936358999955 0
-127.76821782783385 0
-123.6834234298431 0
-127.95478025416053 0
-134.1416767625609 0
-114.54950673234877 0
-132.1379893511604 0
-69.98620207457694 0
-196.88778399688206 0
-36.936420429402496 0
-196.1641454055772 0
-126.43934742054343 0
-150.05459429425431 0
-140.12048087188217 0
-254.64211040643335 0
-140.04801471186815 0
-55.82782060761463 0
-115.6079204168285 0
-113.10218301176512 0
-115.06939782263639 0
-134.60142352180824 0
-141.5206257396735 0
-129.13607125964185 0
-128.1002032629556 0
-169.22552515602598 0
-113.65753488404381 0
-138.96824515444433 0
-111.88065632256458 0
-122.24488793587375 0
-157.37857275504393 0
-171.4143955623991 0
-131.55371595929918 0
-131.0349468672458 0
-143.2782047442827 0
-151.31821422638347 0
-140.82207983526948 0
-96.96947746920662 0
-157.2910905084278 0
-126.9874395634266 0
-113.96228673264372 0
-154.3800077219246 0
-128.48340030069386 0
-148.81317201095624 0
-123.16142197852652 0
-133.57666946409165 0
-133.70584187163087 0
-150.55305596232844 0
-77.09966321423833 0
-126.71131723733673 0
-157.56105774712472 0
-127.7658836570729 0
-148.16294698847523 0
-145.9523587093205 0
-143.8779473261432 0
-127.79077930366603 0
-120.72319678907668 0
-64.91946942451531 0
-148.59800810299475 0
-22.84098791214745 0
-169.57432510326788 0
-116.70060892999737 0
-121.3810513048892 0
-158.43773839298055 0
-172.5807462298692 0
-40.155869216447805 0
-130.82780568938432 0
-187.5207925323386 0
-152.99816039775328 0
-113.44394324672992 0
-135.38944462875824 0
-142.6581894099683 0
-138.05796376370094 0
-137.00061333344962 0
-134.41092746948357 0
-175.0903805259444 0
-175.0441606487247 0
-123.86983279288332 0
-94.83308498319957 0
-150.20327963768233 0
-149.09700548689509 0
-124.74263626210094 0
-168.9391446811825 0
-140.7107896093389 0
-143.2782064300318 0
-157.85540836638478 0
-108.79491837279657 0
-167.2870419954984 0
-139.59317295543718 0
-136.8535749046347 0
-123.61854602610845 0
-134.64053297547463 0
-118.2354958108089 0
-126.24744632738879 0
-185.97063450210652 0
-130.04518216263946 0
-121.34559876802354 0
-117.52307291516934 0
-112.70957003103918 0
-130.60562032464216 0
-139.21250357252404 0
-113.00186096455428 0
-193.57409790075633 0
-149.55115844121448 0
-137.36118449260297 0
-152.23229392491496 0
-141.0698371171889 0
-152.66597993963177 0
-155.6284277317157 0
-115.18074438599601 0
-119.5446714396328 0
-147.39381226707118 0
-153.92038521664406 0
-153.33439866494516 0
-172.2564683649653 0
-119.03580573251394 0
-119.87218143987934 0
-177.28780676627102 0
-115.23177354368697 0
-151.6311370864224 0
-159.74932005515737 0
-147.92691808370037 0
-114.64874480073432 0
-143.47138382515413 0
-140.31454644887654 0
-157.04138188262337 0
-127.25078751935749 0
-124.78747559200195 0
-184.60316551750955 0
-126.18974732801107 0
-155.22082309399138 0
-150.32864920000605 0
-227.2972470754447 0
-138.59234089080917 0
-115.13924563338608 0
-123.62496090654514 0
-171.24515200088024 0
-187.23710717603979 0
-150.9506671909996 0
-109.9165285528929 0
-138.52037990985556 0
-130.10857601099778 0
-139.70227882669346 0
-126.65166836407914 0
-179.6257486764521 0
-158.4619172481511 0
-155.49368178538086 0
-133.9096595445154 0
-135.36608481251338 0
-135.52613392178122 0
-162.1508206233857 0
-122.56569594584242 0
-146.95898381387363 0
-124.26780937246653 0
-149.45319415798696 0
-136.88360650292788 0
-152.26016619644116 0
-120.84095008026733 0
-128.22478344102552 0
-124.48274991814509 0
-93.88522584141063 0
-120.30369721208274 0
-50.49400639635003 0
-145.85350517267472 0
-156.24027224263585 0
-138.78329999472348 0
-131.57341887242617 0
-138.76805835633164 0
-135.8860714057449 0
-161.88881232809035 0
-153.80296709620356 0
-128.17033671997171 0
-129.68471575542895 0
-119.50860925651823 0
-146.44778973755223 0
-71.76573344297613 0
-136.0077932864202 0
-190.41020373696642 0
-124.82904567214092 0
-166.2605287002072 0
-134.79037902151427 0
-154.49006539883763 0
-174.08152610027906 0
-138.29257591862893 0
-159.21299770221066 0
-128.76027988462636 0
-189.15451722825043 0
-146.94544532249196 0
-114.85191157529296 0
-110.78107394928644 0
-144.09055432882204 0
-152.80181130747187 0
-166.37022232175534 0
-207.875139895179 0
-139.28529079631696 0
-199.0960305563982 0
-146.3100944142214 0
-121.06263163716524 0
-120.88059635774238 0
-168.38358080794598 0
-118.80592485435601 0
-172.9084627024678 0
-23.30091711340249 0
-208.76813082280322 0
-157.17211353739165 0
-63.9611000778725 0
-127.68998349287705 0
-190.71774492281034 0
-50.39484992843598 0
-140.0521133193422 0
-144.4505106253619 0
-170.96727697044952 0
-137.42799930495576 0
-195.27038157808462 0
-110.27310012551132 0
-171.42208605056092 0
-120.92570849003027 0
-167.61510894819898 0
-133.10054597837717 0
-117.66910599289058 0
-182.36954563975246 0
-199.23076218294645 0
-112.4467234069446 0
-132.54814301039985 0
-202.00078889753806 0
-151.9880223058072 0
-148.59449559509454 0
-127.03096168675114 0
-119.37826231361208 0
-169.9325934941657 0
-145.54444312033596 0
-243.84266548920007 0
-143.4671086842416 0
-170.13670608126066 0
-74.94876218328781 0
-134.9021395264629 0
-128.13541538746128 0
-139.77652141804478 0
-79.53594340766135 0
-118.24484021461939 0
-194.42444070164208 0
-61.475591281362206 0
-130.57030081990652 0
-186.94713666517362 0
-108.39702273612892 0
-140.87525310935186 0
-177.39015852862667 0
-126.71035700252222 0
-214.09633521635726 0
-154.36328938748792 0
-189.80850282004346 0
-108.73533056875459 0
-108.66169010366242 0
-202.966399300204 0
-139.2444133704524 0
-106.73717818627713 0
-178.3128261216756 0
-157.54188102139022 0
-121.44266245581103 0
-134.50047186750928 0
-173.91403672658953 0
-114.65168559906527 0
-142.63492907318084 0
-138.86067904140208 0
-141.82729900393636 0
-111.36433424936162 0
-149.34721092182315 0
-80.41334969290673 0
-113.29935226165274 0
-136.64035520468514 0
-98.21448463274557 0
-143.95271135078505 0
-158.89085155422296 0
-150.15574526159318 0
-150.7419123397724 0
-130.2903912745655 0
-99.4537717236105 0
-154.2243124611042 0
-161.7913602539466 0
-131.0425709043427 0
-98.56733333463494 0
-130.05139325586066 0
-86.18061012104214 0
-129.18330854027946 0
-144.67647933397845 0
-128.24376973140244 0
-120.12829241064692 0
-164.76260889732225 0
-90.48813208410988 0
-146.21217534555174 0
-71.69564542198748 0
-141.1942272696133 0
-114.00620230255636 0
-89.46620256563305 0
-216.57829432368436 0
-143.38003088563312 0
-143.36125400375025 0
-121.39544170769355 0
-91.73271790968043 0
-116.60109507932086 0
-151.23957868373697 0
-128.6462125858014 0
-178.1192754532371 0
-118.42051736927381 0
-187.41265325130777 0
-133.75616826034528 0
-126.34671935933619 0
-171.1363420965247 0
-151.93698986786782 0
-153.1925754753107 0
-124.27200423539031 0
-120.16874766117192 0
-154.94968247024732 0
-163.80831809197562 0
-117.51453139510858 0
-158.79716555636946 0
-27.9462710032476 0
-129.7801192090661 0
-139.51049170898847 0
-128.5885247286485 0
-126.55130986735648 0
-131.75191921776693 0
-83.45079330974669 0
-145.3183483594644 0
-88.35432572599417 0
-180.8615655901331 0
-120.80608979783253 0
-113.79687388671493 0
-170.1873645454544 0
-109.80246845258311 0
-162.9220976336279 0
-120.17291440678711 0
-161.96804725371527 0
-138.180926732495 0
-152.34594325314296 0
-125.34220686435154 0
-132.0601975144227 0
-139.18881859734455 0
-120.09036502734273 0
-146.39892777543088 0
-148.8730061692367 0
-133.7817419821588 0
-165.15892835582824 0
-136.24847125915835 0
-151.86015406915095 0
-164.76934006921414 0
-59.22481572133618 0
-116.13075542498972 0
-184.24841056504525 0
-150.2765359873589 0
-135.4893250338923 0
-151.98989248154655 0
-151.85305173397543 0
-116.021024655237 0
-111.38957696755028 0
-174.90548773393493 0
-145.126477181345 0
-145.15917305362925 0
-59.39631733190468 0
-102.98106606891916 0
-22.766100381694965 0
-183.1162027498927 0
-182.46968574309602 0
-118.8287321032175 0
-180.66960362878183 0
-196.44565493943247 0
-121.30574857991715 0
-126.21840657127689 0
-151.01482770525496 0
-199.98292207031068 0
-112.05629381922954 0
-120.24477892483478 0
-133.2270696651369 0
-140.49858097886687 0
-124.51099776329953 0
-180.17522199015636 0
-124.58357058281203 0
-118.85904655930533 0
-193.106474593703 0
-121.040523873304 0
-137.1729063894375 0
-130.61897669895222 0
-127.2127054109544 0
-125.7765128514705 0
-158.58003181380914 0
-115.61977536960752 0
-167.4166871182251 0
-163.33640720528211 0
-139.46971420818193 0
-146.31313010803032 0
-167.9816927773825 0
-165.15271553952576 0
-157.21917919941714 0
-131.01517980461838 0
-135.62750678074377 0
-190.43800737375187 0
-121.90302407696053 0
-97.01819354760924 0
-12.357822047783996 0
-156.35093147359032 0
-156.3781136424729 0
-132.14819215598746 0
-132.71037015610915 0
-129.20424268027688 0
-173.81498627105145 0
-98.55901209593206 0
-167.1959156177286 0
-122.78258235033996 0
-150.64992910611787 0
-152.85296405812556 0
-140.34444572295365 0
-148.167959830444 0
-132.3094035340671 0
-126.94370387400501 0
-130.95740241549137 0
-115.02776024022945 0
-104.96160423662363 0
-143.44392684639826 0
-131.73752047973304 0
-148.7508127831946 0
-155.12709137538423 0
-127.2954928874488 0
-158.3336344445108 0
-143.37685006273355 0
-120.49354831129014 0
-134.1066394311998 0
-166.95448379702944 0
-131.95368160172237 0
-149.86650835008317 0
-140.84643460376518 0
-106.7899413596592 0
-188.9834050200047 0
-166.2650651620399 0
-145.91497726271632 0
-133.7653205388867 0
-142.24206019249826 0
-124.0505454562682 0
-182.61952798979036 0
-211.72885737366684 0
-170.74894967777036 0
-135.92179338747712 0
-136.4303340747099 0
-225.92296337977263 0
-141.71504441890875 0
-143.44979919695595 0
-144.52653491844697 0
-147.92211554338974 0
-145.55135002314944 0
-134.1864907261931 0
-134.88494971632582 0
-129.7593218746238 0
-130.0372658833993 0
-139.09719283297093 0
-148.40531219024038 0
-124.77445964796456 0
-123.5190786690691 0
-107.87381255491736 0
-148.96873215583383 0
-153.62425565511134 0
-145.47297792410384 0
-130.48171380740087 0
-121.83339205864193 0
-136.60146131266353 0
-162.98554806543456 0
-140.18998354846113 0
-116.91641575393525 0
-174.00793709757755 0
-98.54213956906318 0
-148.20498737160858 0
-175.10007518774506 0
-152.1335351901841 0
-133.3803219689069 0
-147.70724150211402 0
-132.3034935964131 0
-135.31006101401684 0
-138.53699281456255 0
-113.51196825542951 0
-118.95394239515957 0
-166.76730679737466 0
-144.07679097527108 0
-152.06145600183333 0
-148.62044573592314 0
-158.56901930886104 0
-194.46023984920498 0
-139.2456567895736 0
-173.32878385744914 0
-117.19857018725911 0
-151.77542515357615 0
-172.80217817146945 0
-137.4025571625229 0
-124.61724055893919 0
-115.43348292481771 0
-142.42996441125135 0
-127.07406780601472 0
-134.940268758954 0
-130.04828689483261 0
-191.77716825670166 0
-124.30003878726107 0
-102.3856136854045 0
-116.77503484684064 0
-156.2429704606557 0
-173.1868288067836 0
-124.61495687730702 0
-125.41888017169002 0
-169.86080886934516 0
-129.9377093218748 0
-106.85611269599326 0
-202.04157616510778 0
-142.80363276242167 0
-65.03098786288626 0
-167.34914775222254 0
-147.27187143726096 0
-217.1977611667022 0
-117.25143154524388 0
-129.9309248505673 0
-85.78573286149624 0
-132.9994347559835 0
-121.35196280785053 0
-143.86395724811604 0
-141.08842218216967 0
-130.36482539701203 0
-133.68514058164862 0
-117.37885176491983 0
-169.62889755169823 0
-220.4040938272753 0
-152.68528727299744 0
-120.66389097918776 0
-174.41155799119483 0
-149.7030011061743 0
-125.75930489376107 0
-154.61386767845514 0
-135.29954874753128 0
-144.82109375316466 0
-200.57853002119407 0
-154.89796956687618 0
-139.4875959851954 0
-124.27801957234107 0
-131.28603058210962 0
-172.4988737323396 0
-151.52439712523181 0
-118.78723772748903 0
-134.5632606251208 0
-133.4919016515993 0
-144.98698865208394 0
-144.18695855129783 0
-160.83134366491666 0
-128.6575224082919 0
-136.13237999049213 0
-152.15036605710404 0
-127.62147581060182 0
-98.30401364846509 0
-162.51218679148033 0
-52.149400539185685 0
-209.34411536324512 0
-140.0867921072168 0
-124.58139734003106 0
-91.4476805134533 0
-99.73529329169574 0
-130.7776514331473 0
-136.2028866048295 0
-173.6309641393168 0
-194.74324842614382 0
-148.33462135162236 0
-139.98986341747366 0
-143.4697315414724 0
-152.09082415623627 0
-169.36213986954934 0
-137.80728130855596 0
-159.53279528239597 0
-133.64219058721 0
-133.68422431100356 0
-129.78956513647142 0
-130.7962096659652 0
-188.67584004595275 0
-138.69976021564122 0
-126.80235812934262 0
-131.79433208402028 0
-122.68329048396306 0
-159.96274699291632 0
-133.2993914634384 0
-134.6256769942286 0
-120.90532327585058 0
-128.94150485488177 0
-142.3542684524037 0
-128.92091263236966 0
-79.2126952275045 0
-127.94635589323501 0
-122.63873158803797 0
-177.76989968287955 0
-135.17168156977021 0
-143.73038404900737 0
-119.57422804804885 0
-141.25630543626787 0
-124.59741325038608 0
-117.3780949306019 0
-150.76183685276865 0
-127.44017567412406 0
-149.94973557914145 0
-140.33348343222715 0
-114.99115516195428 0
-105.30375240893909 0
-266.4038231098527 0
-149.8774515229482 0
-179.15550887696867 0
-117.30429339321405 0
-163.11808892373554 0
-169.71817043776798 0
-121.54502501631232 0
-149.7005322723974 0
-104.15090468016066 0
-116.78659034004266 0
-153.60426469807624 0
-198.29876526857598 0
-186.16705491025877 0
-146.77219847455166 0
-108.21568612624189 0
-127.88234558416924 0
-146.70089112037329 0
-81.00158186369676 0
-136.19130769276472 0
-132.810066156595 0
-31.44281053805605 0
-115.24842192342258 0
-155.06975190277032 0
-136.94277395578325 0
-165.86027342682368 0
-171.13491199140037 0
-130.6610769212565 0
-87.18934681532187 0
-129.6386013956212 0
-107.65315919684883 0
-158.8455923193083 0
-132.3433735838448 0
-92.4570446802613 0
-115.33593264352749 0
-136.47189130634592 0
-85.07777900163441 0
-124.56936633256444 0
-129.9281225295024 0
-139.03170169161214 0
-107.06209136938679 0
-161.82628369171402 0
-127.8456024498303 0
-141.51881710174237 0
-177.62041332147348 0
-128.87153369433165 0
-151.8993077943047 0
-90.19494392146609 0
-135.26119632277045 0
-141.30824589399296 0
-154.48861993135884 0
-143.13981074463283 0
-100.2690332257004 0
-141.00585446227112 0
-162.69807924451757 0
-137.35997181271773 0
-157.52129623726705 0
-96.12620786464792 0
-145.69026782498776 0
-135.56751672084457 0
-140.4800762360771 0
-160.20572390947447 0
-129.9969934506096 0
-98.63901322610087 0
-112.86752605843753 0
-133.22692897912813 0
-130.66611859679105 0
-158.96834508994536 0
-152.35075678399812 0
-194.36593779639568 0
-147.37660394591327 0
-127.07398990661908 0
-136.51557425291813 0
-145.3927106004724 0
-148.84954030398697 0
-136.21472906823874 0
-187.39303826290148 0
-100.75095246848012 0
-154.0302258823281 0
-72.74844894724684 0
-125.24171305514574 0
-142.49902623807904 0
-147.5372885185141 0
-146.7161250224564 0
-111.61741474267845 0
-147.46929308622634 0
-153.06922588907375 0
-158.61333540503398 0
-142.0545744494402 0
-127.41942158313816 0
-126.99498025017543 0
-186.99674647954654 0
-74.55092651061292 0
-174.5858425912108 0
-139.72419083548917 0
-103.61853349771035 0
-152.07911311207758 0
-207.7446371827187 0
-107.38911311673718 0
-124.5032576412904 0
-145.68938941247157 0
-152.45158238205957 0
-129.29008149772466 0
-204.40843943532158 0
-151.33118739238103 0
-134.1926581833433 0
-177.58760576025702 0
-138.26646051872282 0
-133.36628788732617 0
-120.56186438072308 0
-96.10270987089542 0
-118.67469261418543 0
-145.00548105243942 0
-129.75587425387388 0
-104.19534887469322 0
-120.8873412902756 0
-148.42880779328726 0
-200.23328879597025 0
-188.6009815473905 0
-128.15854185826123 0
-146.4294872361425 0
-115.50035555712823 0
-140.82701042811567 0
-157.93590980389422 0
-136.96945955445494 0
-154.18065656727316 0
-151.4410724798253 0
-143.1440494819525 0
-117.29166889952074 0
-149.8833368682742 0
-124.39923060101012 0
-135.3242732954376 0
-155.34910716114948 0
-152.08181880338833 0
-141.59173436536602 0
-27.783070612554262 0
-143.97925470565042 0
-183.410772697488 0
-129.4053417557823 0
-216.5304359675821 0
-134.9766280254347 0
-126.54044698119456 0
-58.40890624925185 0
-147.89002011266098 0
-123.31924538204338 0
-126.03133686772723 0
-142.18853372179012 0
-152.96536722799817 0
-147.55796989713676 0
-91.11635938106117 0
-144.55073012324934 0
-127.98196588575897 0
-38.11728189857037 0
-127.91973035560473 0
-124.94288142032653 0
-200.3710217183147 0
-193.89566337019886 0
-119.54318236744523 0
-120.46280207431874 0
-140.6538514440783 0
-166.25606074039803 0
-131.52998025264708 0
-126.45242573821798 0
-120.26979388243721 0
-162.90738712327166 0
-145.53082551103245 0
-119.90395790448946 0
-124.31636180222256 0
-163.5286585958537 0
-125.93929376998857 0
-112.3419810880627 0
-132.20161370549144 0
-78.57210340452647 0
-120.9719942434762 0
-70.82085299452079 0
-107.07874467644531 0
-142.08225771521992 0
-159.41575009133865 0
-182.41982977847496 0
-149.06827844209792 0
-132.85722683940287 0
-135.95375383662548 0
-146.58559976918144 0
-167.24098574728967 0
-108.28495873276742 0
-147.3262434549969 0
-166.6326595371235 0
-114.4276708940734 0
-106.93746004436628 0
-144.50176666126376 0
-155.72654472595408 0
-144.93758047308506 0
-124.37324561843108 0
-63.31310955454865 0
-116.91459874918405 0
-117.22401416010462 0
-160.71948245672553 0
-164.31091315956277 0
-126.78411871659812 0
-121.19489257403548 0
-139.63616506813648 0
-22.12441549945266 0
-111.83227301774684 0
-120.75400980626299 0
-73.63287257194467 0
-137.94230309714155 0
-76.34744003811127 0
-146.19029158679027 0
-139.57992304281098 0
-142.60320297709407 0
-132.79857913732627 0
-163.07468140230787 0
-150.47188754209046 0
-208.658770454649 0
-154.22068421485028 0
-176.73320654631974 0
-119.52439884746643 0
-132.19286023909876 0
-124.07204934705925 0
-134.67555331501015 0
-126.50023041678253 0
-212.0655057964606 0
-151.886112184436 0
-126.16211977752559 0
-136.7725086502458 0
-121.55986293196963 0
-139.54143146622351 0
-150.489318753968 0
-134.39975400794262 0
-190.43181145039978 0
-139.89980639902515 0
-196.80373547653429 0
-124.42256616990112 0
-88.96290215366459 0
-121.11462164908806 0
-148.5670345220714 0
-156.61614938533492 0
-122.65246063760944 0
-125.35624831087567 0
-146.35820614512022 0
-130.51517573423504 0
-118.33880045650412 0
-133.94180581287594 0
-135.4604902958036 0
-136.71947093521388 1
-196.14505623628833 1
-147.26247653230936 1
-130.78310807996226 1
-168.22139606758995 1
-169.02645316841318 1
-173.6130480565478 1
-192.13400096940808 1
-263.9997412104274 1
-147.9269319657343 1
-195.7152277671175 1
-155.12548670201267 1
-128.9162603343155 1
-164.08100702278185 1
-171.85745613499233 1
-128.95721864462857 1
-155.23268358231323 1
-136.4166415237402 1
-165.198061687614 1
-174.22536294873504 1
-141.1305347080664 1
-213.08574745693977 1
-134.76848204459037 1
-158.09927756434908 1
-129.2329496622234 1
-128.02945098675954 1
-172.11234021647326 1
-124.59756679055884 1
-178.0091114633836 1
-155.97087734611804 1
-131.16802941156814 1
-179.1824375952744 1
-147.94549058259489 1
-173.7681626995395 1
-165.39139383085183 1
-159.2375969520296 1
-139.14180615331088 1
-211.83374624372817 1
-171.64277863095074 1
-140.74116191293083 1
-125.40389455771844 1
-136.4619615241668 1
-135.63740455154408 1
-138.5002038440625 1
-120.2840836994204 1
-162.4015494456757 1
-169.11779589241527 1
-290.0120738808581 1
-131.57597430295868 1
-155.0777271758176 1
-160.26028912239136 1
-237.73141443757274 1
-207.8869604737248 1
-118.21921960427969 1
-141.69893849991814 1
-133.86663805666382 1
-158.52706665849396 1
-178.67073760473187 1
-153.44586488894168 1
-169.87541186466024 1
-157.15847440094737 1
-137.2617787043729 1
-166.80843840867686 1
-149.47557905366173 1
-173.15748869372084 1
-199.78902952065934 1
-120.0523966049485 1
-138.96386368275034 1
-116.70432645290967 1
-151.51132180164873 1
-162.74649232318933 1
-147.12652340295864 1
-140.9621465054503 1
-170.2210616194335 1
-133.16728787883844 1
-124.12728038371449 1
-143.47846037518755 1
-160.1187690166765 1
-157.44153952929915 1
-150.5543705797136 1
